xLow 0.0000000000000000
xUpp 6.2831853071795862
yLow 0.0000000000000000
yUpp 6.2831853071795862
nx 40
ny 50
2.0000000000000000 2.0385434515033087 2.0259587363492568 1.9642408299888685 1.8566572317169341 1.7076633381566135 1.5227870508272094 1.3084856063984891 1.0719783376527690 0.8210596965579925 0.5638973820559992 0.3088208009502240 0.0641053406447243 -0.1622419590427221 -0.3626897840059932 -0.5303776029299577 -0.6592933514478623 -0.7444291414504385 -0.7819109627574110 -0.7690990179462440 -0.7046560917187612 -0.5885821840749621 -0.4222145103130244 -0.2081928678554825 0.0496087331173878 0.3461824044963195 0.6755160819145575 1.0307492340569675 1.4043505468174331 1.7883129803781750 2.1743611473351327 2.5541656408848752 2.9195587620855612 3.2627460589692481 3.5765081987536185 3.8543879447689049 4.0908573954958065 4.2814611543111596 4.4229317219201771 4.5132741228718345 
2.4092771393685366 2.4478205908718449 2.4352358757177930 2.3735179693574051 2.2659343710854705 2.1169404775251501 1.9320641901957463 1.7177627457670257 1.4812554770213056 1.2303368359265292 0.9731745214245359 0.7180979403187607 0.4733824800132609 0.2470351803258146 0.0465873553625435 -0.1211004635614209 -0.2500162120793255 -0.3351520020819017 -0.3726338233888742 -0.3598218785777074 -0.2953789523502244 -0.1793050447064253 -0.0129373709444875 0.2010842715130543 0.4588858724859246 0.7554595438648563 1.0847932212830942 1.4400263734255041 1.8136276861859699 2.1975901197467116 2.5836382867036694 2.9634427802534118 3.3288359014540978 3.6720231983377847 3.9857853381221551 4.2636650841374415 4.5001345348643422 4.6907382936796971 4.8322088612887137 4.9225512622403711 
2.8122550603585594 2.8507985118618682 2.8382137967078167 2.7764958903474284 2.6689122920754937 2.5199183985151730 2.3350421111857687 2.1207406667570488 1.8842333980113284 1.6333147569165520 1.3761524424145586 1.1210758613087835 0.8763604010032837 0.6500131013158374 0.4495652763525663 0.2818774574286017 0.1529617089106972 0.0678259189081210 0.0303440976011484 0.0431560424123156 0.1075989686397982 0.2236728762835973 0.3900405500455351 0.6040621925030769 0.8618637934759472 1.1584374648548790 1.4877711422731170 1.8430042944155269 2.2166056071759925 2.6005680407367344 2.9866162076936922 3.3664207012434346 3.7318138224441211 4.0750011193278084 4.3887632591121779 4.6666430051274652 4.9031124558543659 5.0937162146697190 5.2351867822787366 5.3255291832303939 
3.2027379775831784 3.2412814290864871 3.2286967139324352 3.1669788075720473 3.0593952093001122 2.9104013157397914 2.7255250284103880 2.5112235839816677 2.2747163152359473 2.0237976741411714 1.7666353596391779 1.5115587785334026 1.2668433182279029 1.0404960185404564 0.8400481935771853 0.6723603746532207 0.5434446261353162 0.4583088361327400 0.4208270148257675 0.4336389596369344 0.4980818858644173 0.6141557935082164 0.7805234672701541 0.9945451097276959 1.2523467107005661 1.5489203820794981 1.8782540594977359 2.2334872116401461 2.6070885244006119 2.9910509579613533 3.3770991249183111 3.7569036184680540 4.1222967396687400 4.4654840365524269 4.7792461763367964 5.0571259223520837 5.2935953730789844 5.4841991318943384 5.6256696995033559 5.7160121004550124 
3.5747352732718887 3.6132787247751974 3.6006940096211455 3.5389761032607576 3.4313925049888225 3.2823986114285018 3.0975223240990983 2.8832208796703780 2.6467136109246576 2.3957949698298808 2.1386326553278878 1.8835560742221125 1.6388406139166127 1.4124933142291665 1.2120454892658954 1.0443576703419308 0.9154419218240263 0.8303061318214501 0.7928243105144775 0.8056362553256445 0.8700791815531274 0.9861530891969265 1.1525207629588641 1.3665424054164059 1.6243440063892762 1.9209176777682080 2.2502513551864460 2.6054845073288559 2.9790858200893218 3.3630482536500637 3.7490964206070210 4.1289009141567643 4.4942940353574503 4.8374813322411363 5.1512434720255076 5.4291232180407931 5.6655926687676947 5.8561964275830487 5.9976669951920663 6.0880093961437236 
3.9225598630487415 3.9611033145520502 3.9485185993979988 3.8868006930376104 3.7792170947656754 3.6302232012053546 3.4453469138759507 3.2310454694472308 2.9945382007015104 2.7436195596067341 2.4864572451047406 2.2313806639989657 1.9866652036934658 1.7603179040060195 1.5598700790427484 1.3921822601187839 1.2632665116008792 1.1781307215983030 1.1406489002913305 1.1534608451024975 1.2179037713299803 1.3339776789737794 1.5003453527357171 1.7143669951932590 1.9721685961661293 2.2687422675450613 2.5980759449632993 2.9533090971057092 3.3269104098661746 3.7108728434269165 4.0969210103838742 4.4767255039336167 4.8421186251343027 5.1853059220179896 5.4990680618023600 5.7769478078176464 6.0134172585445480 6.2040210173599011 6.3454915849689186 6.4358339859205760 
4.2409215777005711 4.2794650292038794 4.2668803140498275 4.2051624076894392 4.0975788094175059 3.9485849158571851 3.7637086285277812 3.5494071840990604 3.3128999153533405 3.0619812742585637 2.8048189597565707 2.5497423786507953 2.3050269183452956 2.0786796186578491 1.8782317936945780 1.7105439747706135 1.5816282262527090 1.4964924362501328 1.4590106149431603 1.4718225597543273 1.5362654859818101 1.6523393936256092 1.8187070673875469 2.0327287098450890 2.2905303108179593 2.5871039821968909 2.9164376596151289 3.2716708117575388 3.6452721245180046 4.0292345580787465 4.4152827250357038 4.7950872185854472 5.1604803397861332 5.5036676366698201 5.8174297764541905 6.0953095224694769 6.3317789731963776 6.5223827320117316 6.6638532996207482 6.7541957005724056 
4.5250140276092203 4.5635574791125286 4.5509727639584767 4.4892548575980884 4.3816712593261542 4.2326773657658343 4.0478010784364296 3.8334996340077092 3.5969923652619893 3.3460737241672129 3.0889114096652195 2.8338348285594446 2.5891193682539448 2.3627720685664984 2.1623242436032273 1.9946364246792627 1.8657206761613581 1.7805848861587819 1.7431030648518093 1.7559150096629763 1.8203579358904591 1.9364318435342582 2.1027995172961962 2.3168211597537378 2.5746227607266081 2.8711964321055401 3.2005301095237781 3.5557632616661881 3.9293645744266534 4.3133270079873949 4.6993751749443531 5.0791796684940955 5.4445727896947815 5.7877600865784693 6.1015222263628388 6.3794019723781261 6.6158714231050260 6.8064751819203799 6.9479457495293975 7.0382881504810548 
4.7705935235361885 4.8091369750394968 4.7965522598854449 4.7348343535250565 4.6272507552531223 4.4782568616928025 4.2933805743633977 4.0790791299346765 3.8425718611889570 3.5916532200941802 3.3344909055921872 3.0794143244864123 2.8346988641809125 2.6083515644934661 2.4079037395301950 2.2402159206062304 2.1113001720883258 2.0261643820857498 1.9886825607787773 2.0014945055899442 2.0659374318174271 2.1820113394612264 2.3483790132231639 2.5624006556807055 2.8202022566535758 3.1167759280325078 3.4461096054507458 3.8013427575931558 4.1749440703536216 4.5589065039143630 4.9449546708713203 5.3247591644210637 5.6901522856217497 6.0333395825054366 6.3471017222898070 6.6249814683050943 6.8614509190319941 7.0520546778473481 7.1935252454563656 7.2838676464080230 
4.9740487578826054 5.0125922093859137 5.0000074942318617 4.9382895878714734 4.8307059895995401 4.6817120960392193 4.4968358087098155 4.2825343642810942 4.0460270955353748 3.7951084544405980 3.5379461399386050 3.2828695588328300 3.0381540985273299 2.8118067988398838 2.6113589738766128 2.4436711549526482 2.3147554064347435 2.2296196164321671 2.1921377951251948 2.2049497399363620 2.2693926661638448 2.3854665738076437 2.5518342475695812 2.7658558900271233 3.0236574909999936 3.3202311623789251 3.6495648397971632 4.0047979919395731 4.3783993047000394 4.7623617382607808 5.1484099052177381 5.5282143987674814 5.8936075199681675 6.2367948168518534 6.5505569566362247 6.8284367026515103 7.0649061533784110 7.2555099121937650 7.3969804798027825 7.4873228807544399 
5.1324601022601692 5.1710035537634775 5.1584188386094256 5.0967009322490373 4.9891173339771022 4.8401234404167823 4.6552471530873785 4.4409457086586581 4.2044384399129378 3.9535197988181610 3.6963574843161680 3.4412809032103930 3.1965654429048933 2.9702181432174468 2.7697703182541757 2.6020824993302112 2.4731667508123065 2.3880309608097305 2.3505491395027578 2.3633610843139250 2.4278040105414078 2.5438779181852071 2.7102455919471446 2.9242672344046863 3.1820688353775566 3.4786425067564886 3.8079761841747262 4.1632093363171361 4.5368106490776023 4.9207730826383438 5.3068212495953011 5.6866257431450435 6.0520188643457304 6.3952061612294173 6.7089683010137868 6.9868480470290741 7.2233174977559749 7.4139212565713288 7.5553918241803464 7.6457342251320037 
5.2436475477085560 5.2821909992118643 5.2696062840578124 5.2078883776974241 5.1003047794254908 4.9513108858651700 4.7664345985357652 4.5521331541070449 4.3156258853613245 4.0647072442665486 3.8075449297645552 3.5524683486587803 3.3077528883532801 3.0814055886658340 2.8809577637025625 2.7132699447785980 2.5843541962606933 2.4992184062581173 2.4617365849511446 2.4745485297623118 2.5389914559897946 2.6550653636335939 2.8214330373955314 3.0354546798530730 3.2932562808259433 3.5898299522048753 3.9191636296231138 4.2743967817655228 4.6479980945259891 5.0319605280867314 5.4180086950436888 5.7978131885934312 6.1632063097941172 6.5063936066778041 6.8201557464621754 7.0980354924774609 7.3345049432043616 7.5251087020197156 7.6665792696287332 7.7569216705803905 
5.3062065003822889 5.3447499518855972 5.3321652367315453 5.2704473303711570 5.1628637320992237 5.0138698385389029 4.8289935512094981 4.6146921067807778 4.3781848380350574 4.1272661969402806 3.8701038824382876 3.6150273013325127 3.3703118410270125 3.1439645413395665 2.9435167163762954 2.7758288974523309 2.6469131489344262 2.5617773589318498 2.5242955376248775 2.5371074824360447 2.6015504086635275 2.7176243163073264 2.8839919900692639 3.0980136325268059 3.3558152334996763 3.6523889048786082 3.9817225822968458 4.3369557344392557 4.7105570471997220 5.0945194807604635 5.4805676477174208 5.8603721412671632 6.2257652624678501 6.5689525593515370 6.8827146991359083 7.1605944451511938 7.3970638958780945 7.5876676546934485 7.7291382223024661 7.8194806232541234 
5.3195308449428378 5.3580742964461461 5.3454895812920942 5.2837716749317059 5.1761880766597717 5.0271941830994518 4.8423178957700470 4.6280164513413267 4.3915091825956072 4.1405905415008304 3.8834282269988374 3.6283516458930625 3.3836361855875623 3.1572888859001162 2.9568410609368452 2.7891532420128802 2.6602374934949760 2.5751017034923995 2.5376198821854272 2.5504318269965940 2.6148747532240768 2.7309486608678757 2.8973163346298136 3.1113379770873557 3.3691395780602260 3.6657132494391576 3.9950469268573956 4.3502800789998055 4.7238813917602718 5.1078438253210132 5.4938919922779705 5.8736964858277130 6.2390896070283990 6.5822769039120868 6.8960390436964563 7.1739187897117436 7.4103882404386434 7.6009919992539974 7.7424625668630149 7.8328049678146723 
5.2838228969557335 5.3223663484590418 5.3097816333049899 5.2480637269446015 5.1404801286726673 4.9914862351123466 4.8066099477829427 4.5923085033542224 4.3558012346085020 4.1048825935137252 3.8477202790117322 3.5926436979059573 3.3479282376004575 3.1215809379130111 2.9211331129497400 2.7534452940257754 2.6245295455078708 2.5393937555052943 2.5019119341983220 2.5147238790094892 2.5791668052369721 2.6952407128807709 2.8616083866427084 3.0756300291002505 3.3334316300731208 3.6300053014520528 3.9593389788702904 4.3145721310127012 4.6881734437731666 5.0721358773339080 5.4581840442908653 5.8379885378406087 6.2033816590412947 6.5465689559249807 6.8603310957093520 7.1382108417246375 7.3746802924515391 7.5652840512668931 7.7067546188759106 7.7970970198275680 
5.2000900808745625 5.2386335323778708 5.2260488172238189 5.1643309108634305 5.0567473125914972 4.9077534190311765 4.7228771317017717 4.5085756872730514 4.2720684185273310 4.0211497774325542 3.7639874629305612 3.5089108818247863 3.2641954215192865 3.0378481218318401 2.8374002968685690 2.6697124779446044 2.5407967294266998 2.4556609394241238 2.4181791181171510 2.4309910629283182 2.4954339891558011 2.6115078967996004 2.7778755705615379 2.9918972130190795 3.2496988139919498 3.5462724853708818 3.8756061627891203 4.2308393149315293 4.6044406276919956 4.9884030612527370 5.3744512282096952 5.7542557217594377 6.1196488429601237 6.4628361398438106 6.7765982796281801 7.0544780256434674 7.2909474763703690 7.4815512351857230 7.6230218027947396 7.7133642037463970 
5.0701283881592998 5.1086718396626081 5.0960871245085562 5.0343692181481678 4.9267856198762328 4.7777917263159129 4.5929154389865090 4.3786139945577887 4.1421067258120683 3.8911880847172924 3.6340257702152989 3.3789491891095240 3.1342337288040238 2.9078864291165778 2.7074386041533067 2.5397507852293422 2.4108350367114375 2.3256992467088615 2.2882174254018888 2.3010293702130555 2.3654722964405384 2.4815462040843377 2.6479138778462756 2.8619355203038173 3.1197371212766876 3.4163107926556195 3.7456444700738576 4.1008776222162666 4.4744789349767329 4.8584413685374752 5.2444895354944325 5.6242940290441750 5.9896871502448619 6.3328744471285479 6.6466365869129174 6.9245163329282047 7.1609857836551054 7.3515895424704594 7.4930601100794769 7.5834025110311343 
4.8964928871461852 4.9350363386494935 4.9224516234954416 4.8607337171350533 4.7531501188631200 4.6041562253027992 4.4192799379733954 4.2049784935446741 3.9684712247989546 3.7175525837041778 3.4603902692021848 3.2053136880964099 2.9605982277909098 2.7342509281034633 2.5338031031401922 2.3661152842162276 2.2371995356983234 2.1520637456957470 2.1145819243887747 2.1273938691999414 2.1918367954274243 2.3079107030712231 2.4742783768331611 2.6883000192907032 2.9461016202635735 3.2426752916425050 3.5720089690607431 3.9272421212031530 4.3008434339636192 4.6848058675243607 5.0708540344813180 5.4506585280310604 5.8160516492317464 6.1592389461154333 6.4730010858998046 6.7508808319150901 6.9873502826419909 7.1779540414573448 7.3194246090663624 7.4097670100180197 
4.6824557688962836 4.7209992203995919 4.7084145052455399 4.6466965988851516 4.5391130006132183 4.3901191070528975 4.2052428197234928 3.9909413752947724 3.7544341065490525 3.5035154654542762 3.2463531509522827 2.9912765698465078 2.7465611095410081 2.5202138098535616 2.3197659848902905 2.1520781659663260 2.0231624174484213 1.9380266274458451 1.9005448061388726 1.9133567509500395 1.9777996771775224 2.0938735848213215 2.2602412585832594 2.4742629010408010 2.7320645020136713 3.0286381733926033 3.3579718508108414 3.7132050029532513 4.0868063157137167 4.4707687492744590 4.8568169162314163 5.2366214097811588 5.6020145309818448 5.9452018278655316 6.2589639676499012 6.5368437136651885 6.7733131643920892 6.9639169232074432 7.1053874908164607 7.1957298917681181 
4.4319526179087223 4.4704960694120297 4.4579113542579787 4.3961934478975904 4.2886098496256562 4.1396159560653354 3.9547396687359315 3.7404382243072107 3.5039309555614908 3.2530123144667140 2.9958499999647210 2.7407734188589461 2.4960579585534459 2.2697106588659999 2.0692628339027288 1.9015750149787642 1.7726592664608596 1.6875234764582834 1.6500416551513108 1.6628535999624778 1.7272965261899607 1.8433704338337598 2.0097381075956973 2.2237597500532393 2.4815613510261096 2.7781350224050412 3.1074686998232792 3.4627018519656891 3.8363031647261554 4.2202655982868968 4.6063137652438542 4.9861182587935975 5.3515113799942835 5.6946986768779704 6.0084608166623408 6.2863405626776281 6.5228100134045279 6.7134137722198819 6.8548843398288986 6.9452267407805568 
4.1495177899320206 4.1880612414353289 4.1754765262812770 4.1137586199208895 4.0061750216489544 3.8571811280886337 3.6723048407592298 3.4580033963305099 3.2214961275847895 2.9705774864900132 2.7134151719880197 2.4583385908822448 2.2136231305767446 1.9872758308892986 1.7868280059260273 1.6191401870020627 1.4902244384841583 1.4050886484815819 1.3676068271746096 1.3804187719857763 1.4448616982132592 1.5609356058570585 1.7273032796189960 1.9413249220765381 2.1991265230494084 2.4957001944283399 2.8250338718465779 3.1802670239889879 3.5538683367494537 3.9378307703101956 4.3238789372671533 4.7036834308168958 5.0690765520175827 5.4122638489012687 5.7260259886856391 6.0039057347009255 6.2403751854278262 6.4309789442431802 6.5724495118521977 6.6627919128038551 
3.8402099579680677 3.8787534094713765 3.8661686943173246 3.8044507879569367 3.6968671896850016 3.5478732961246808 3.3629970087952774 3.1486955643665571 2.9121882956208367 2.6612696545260599 2.4041073400240669 2.1490307589182920 1.9043152986127920 1.6779679989253458 1.4775201739620747 1.3098323550381101 1.1809166065202055 1.0957808165176293 1.0582989952106567 1.0711109400218237 1.1355538662493065 1.2516277738931056 1.4179954476550434 1.6320170901125852 1.8898186910854555 2.1863923624643871 2.5157260398826251 2.8709591920250350 3.2445605047855013 3.6285229383462427 4.0145711053032000 4.3943755988529425 4.7597687200536294 5.1029560169373163 5.4167181567216858 5.6945979027369731 5.9310673534638738 6.1216711122792278 6.2631416798882453 6.3534840808399018 
3.5095290490012752 3.5480725005045839 3.5354877853505320 3.4737698789901441 3.3661862807182095 3.2171923871578887 3.0323160998284848 2.8180146553997645 2.5815073866540446 2.3305887455592682 2.0734264310572748 1.8183498499514994 1.5736343896459997 1.3472870899585534 1.1468392649952823 0.9791514460713178 0.8502356975534132 0.7650999075508370 0.7276180862438645 0.7404300310550315 0.8048729572825143 0.9209468649263134 1.0873145386882510 1.3013361811457931 1.5591377821186634 1.8557114534975949 2.1850451309158330 2.5402782830582429 2.9138795958187087 3.2978420293794506 3.6838901963364084 4.0636946898861508 4.4290878110868368 4.7722751079705237 5.0860372477548941 5.3639169937701805 5.6003864444970812 5.7909902033124361 5.9324607709214527 6.0228031718731092 
3.1633259353495480 3.2018693868528567 3.1892846716988048 3.1275667653384169 3.0199831670664823 2.8709892735061615 2.6861129861767576 2.4718115417480373 2.2353042730023169 1.9843856319075406 1.7272233174055471 1.4721467362997722 1.2274312759942725 1.0010839763068260 0.8006361513435549 0.6329483324195904 0.5040325839016858 0.4188967938991096 0.3814149725921371 0.3942269174033041 0.4586698436307869 0.5747437512745860 0.7411114250365237 0.9551330674940656 1.2129346684669358 1.5095083398458677 1.8388420172641056 2.1940751694065157 2.5676764821669815 2.9516389157277230 3.3376870826846807 3.7174915762344232 4.0828846974351096 4.4260719943187965 4.7398341341031660 5.0177138801184533 5.2541833308453540 5.4447870896607089 5.5862576572697256 5.6766000582213820 
2.8077063635025890 2.8462498150058972 2.8336650998518458 2.7719471934914575 2.6643635952195228 2.5153697016592020 2.3304934143297986 2.1161919699010778 1.8796847011553579 1.6287660600605813 1.3716037455585881 1.1165271644528130 0.8718117041473132 0.6454644044598669 0.4450165794965959 0.2773287605726313 0.1484130120547268 0.0632772220521505 0.0257954007451779 0.0386073455563447 0.1030502717838278 0.2191241794276269 0.3854918531895646 0.5995134956471065 0.8573150966199768 1.1538887679989083 1.4832224454171463 1.8384555975595565 2.2120569103200221 2.5960193438807639 2.9820675108377213 3.3618720043874641 3.7272651255881502 4.0704524224718366 4.3842145622562079 4.6620943082714934 4.8985637589983950 5.0891675178137490 5.2306380854227665 5.3209804863744239 
2.4489306979333292 2.4874741494366379 2.4748894342825860 2.4131715279221981 2.3055879296502630 2.1565940360899427 1.9717177487605386 1.7574163043318183 1.5209090355860981 1.2699903944913218 1.0128280799893283 0.7577514988835531 0.5130360385780535 0.2866887388906071 0.0862409139273360 -0.0814469049966285 -0.2103626535145331 -0.2954984435171093 -0.3329802648240818 -0.3201683200129151 -0.2557253937854320 -0.1396514861416329 0.0267161876203048 0.2407378300778467 0.4985394310507170 0.7951131024296487 1.1244467798478865 1.4796799319902967 1.8532812447507623 2.2372436783115042 2.6232918452684615 3.0030963388182044 3.3684894600188908 3.7116767569025777 4.0254388966869481 4.3033186427022336 4.5397880934291353 4.7303918522444892 4.8718624198535068 4.9622048208051641 
2.0933111260863697 2.1318545775896784 2.1192698624356270 2.0575519560752387 1.9499683578033040 1.8009744642429835 1.6160981769135792 1.4017967324848588 1.1652894637391387 0.9143708226443623 0.6572085081423690 0.4021319270365938 0.1574164667310941 -0.0689308329563523 -0.2693786579196235 -0.4370664768435880 -0.5659822253614926 -0.6511180153640688 -0.6885998366710413 -0.6757878918598745 -0.6113449656323915 -0.4952710579885924 -0.3289033842266547 -0.1148817417691128 0.1429198592037575 0.4394935305826895 0.7688272080009274 1.1240603601433374 1.4976616729038030 1.8816241064645449 2.2676722734215025 2.6474767669712449 3.0128698881719314 3.3560571850556182 3.6698193248399882 3.9476990708552750 4.1841685215821762 4.3747722803975293 4.5162428480065469 4.6065852489582042 
1.7471080124346439 1.7856514639379522 1.7730667487839005 1.7113488424235124 1.6037652441515777 1.4547713505912572 1.2698950632618531 1.0555936188331327 0.8190863500874127 0.5681677089926362 0.3110053944906430 0.0559288133848679 -0.1887866469206320 -0.4151339466080782 -0.6155817715713493 -0.7832695904953139 -0.9121853390132184 -0.9973211290157946 -1.0348029503227671 -1.0219910055115999 -0.9575480792841173 -0.8414741716403182 -0.6751064978783805 -0.4610848554208387 -0.2032832544479684 0.0932904169309632 0.4226240943492015 0.7778572464916113 1.1514585592520770 1.5354209928128189 1.9214691597697764 2.3012736533195191 2.6666667745202051 3.0098540714038919 3.3236162111882623 3.6014959572035488 3.8379654079304499 4.0285691667458039 4.1700397343548214 4.2603821353064788 
1.4164271034678502 1.4549705549711587 1.4423858398171070 1.3806679334567189 1.2730843351847843 1.1240904416244637 0.9392141542950596 0.7249127098663393 0.4884054411206191 0.2374868000258428 -0.0196755144761506 -0.2747520955819259 -0.5194675558874255 -0.7458148555748717 -0.9462626805381432 -1.1139504994621072 -1.2428662479800119 -1.3280020379825881 -1.3654838592895611 -1.3526719144783939 -1.2882289882509108 -1.1721550806071122 -1.0057874068451744 -0.7917657643876321 -0.5339641634147618 -0.2373904920358303 0.0919431853824075 0.4471763375248177 0.8207776502852833 1.2047400838460254 1.5907882508029829 1.9705927443527254 2.3359858655534116 2.6791731624370985 2.9929353022214684 3.2708150482367553 3.5072844989636565 3.6978882577790104 3.8393588253880275 3.9297012263396844 
1.1071192715038973 1.1456627230072058 1.1330780078531542 1.0713601014927661 0.9637765032208314 0.8147826096605109 0.6299063223311068 0.4156048779023864 0.1790976091566663 -0.0718210319381101 -0.3289833464401034 -0.5840599275458785 -0.8287753878513786 -1.0551226875388249 -1.2555705125020955 -1.4232583314260605 -1.5521740799439652 -1.6373098699465414 -1.6747916912535135 -1.6619797464423463 -1.5975368202148641 -1.4814629125710645 -1.3150952388091268 -1.1010735963515854 -0.8432719953787151 -0.5466983239997831 -0.2173646465815451 0.1378685055608646 0.5114698183213306 0.8954322518820723 1.2814804188390299 1.6612849123887725 2.0266780335894587 2.3698653304731456 2.6836274702575160 2.9615072162728024 3.1979766669997032 3.3885804258150571 3.5300509934240747 3.6203933943757320 
0.8246844435271972 0.8632278950305058 0.8506431798764540 0.7889252735160658 0.6813416752441313 0.5323477816838107 0.3474714943544066 0.1331700499256862 -0.1033372188200339 -0.3542558599148102 -0.6114181744168038 -0.8664947555225787 -1.1112102158280788 -1.3375575155155248 -1.5380053404787959 -1.7056931594027605 -1.8346089079206651 -1.9197446979232413 -1.9572265192302138 -1.9444145744190466 -1.8799716481915640 -1.7638977405477649 -1.5975300667858272 -1.3835084243282854 -1.1257068233554151 -0.8291331519764835 -0.4997994745582452 -0.1445663224158356 0.2290349903446305 0.6129974239053722 0.9990455908623297 1.3788500844120724 1.7442432056127586 2.0874305024964457 2.4011926422808156 2.6790723882961025 2.9155418390230032 3.1061455978383572 3.2476161654473747 3.3379585663990317 
0.5741812925396347 0.6127247440429433 0.6001400288888915 0.5384221225285033 0.4308385242565688 0.2818446306962482 0.0969683433668441 -0.1173331010618763 -0.3538403698075964 -0.6047590109023726 -0.8619213254043664 -1.1169979065101412 -1.3617133668156414 -1.5880606665030874 -1.7885084914663585 -1.9561963103903230 -2.0851120589082277 -2.1702478489108046 -2.2077296702177764 -2.1949177254066092 -2.1304747991791260 -2.0144008915353275 -1.8480332177733898 -1.6340115753158480 -1.3762099743429776 -1.0796363029640461 -0.7503026255458078 -0.3950694734033982 -0.0214681606429321 0.3624942729178096 0.7485424398747671 1.1283469334245098 1.4937400546251962 1.8369273515088831 2.1506894912932530 2.4285692373085399 2.6650386880354406 2.8556424468507946 2.9971130144598122 3.0874554154114691 
0.3601441742897319 0.3986876257930405 0.3861029106389887 0.3243850042786005 0.2168014060066660 0.0678075124463454 -0.1170687748830587 -0.3313702193117791 -0.5678774880574990 -0.8187961291522756 -1.0759584436542688 -1.3310350247600438 -1.5757504850655439 -1.8020977847529900 -2.0025456097162611 -2.1702334286402256 -2.2991491771581307 -2.3842849671607063 -2.4217667884676790 -2.4089548436565118 -2.3445119174290294 -2.2284380097852301 -2.0620703360232921 -1.8480486935657501 -1.5902470925928802 -1.2936734212139487 -0.9643397437957104 -0.6091065916533007 -0.2355052788928347 0.1484571546679070 0.5345053216248645 0.9143098151746072 1.2797029363752932 1.6228902332589801 1.9366523730433505 2.2145321190586369 2.4510015697855381 2.6416053286008920 2.7830758962099091 2.8734182971615665 
0.1865086732766180 0.2250521247799266 0.2124674096258748 0.1507495032654866 0.0431659049935521 -0.1058279885667685 -0.2907042758961725 -0.5050057203248930 -0.7415129890706131 -0.9924316301653897 -1.2495939446673829 -1.5046705257731579 -1.7493859860786580 -1.9757332857661041 -2.1761811107293751 -2.3438689296533401 -2.4727846781712439 -2.5579204681738208 -2.5954022894807931 -2.5825903446696259 -2.5181474184421431 -2.4020735107983442 -2.2357058370364067 -2.0216841945788651 -1.7638825936059939 -1.4673089222270628 -1.1379752448088245 -0.7827420926664148 -0.4091407799059488 -0.0251783463452071 0.3608698206117504 0.7406743141614931 1.1060674353621796 1.4492547322458664 1.7630168720302364 2.0408966180455232 2.2773660687724240 2.4679698275877779 2.6094403951967955 2.6997827961484524 
0.0565469805613552 0.0950904320646638 0.0825057169106120 0.0207878105502238 -0.0867957877217107 -0.2357896812820313 -0.4206659686114353 -0.6349674130401557 -0.8714746817858758 -1.1223933228806524 -1.3795556373826456 -1.6346322184884206 -1.8793476787939207 -2.1056949784813668 -2.3061428034446378 -2.4738306223686028 -2.6027463708865066 -2.6878821608890835 -2.7253639821960558 -2.7125520373848886 -2.6481091111574058 -2.5320352035136069 -2.3656675297516694 -2.1516458872941278 -1.8938442863212566 -1.5972706149423255 -1.2679369375240872 -0.9127037853816775 -0.5391024726212115 -0.1551400390604698 0.2309081278964877 0.6107126214462304 0.9761057426469166 1.3192930395306035 1.6330551793149737 1.9109349253302603 2.1474043760571613 2.3380081348725152 2.4794787024815328 2.5698211034331897 
-0.0271858355198158 0.0113576159834928 -0.0012270991705590 -0.0629450055309472 -0.1705286038028817 -0.3195224973632023 -0.5043987846926064 -0.7187002291213265 -0.9552074978670468 -1.2061261389618234 -1.4632884534638166 -1.7183650345695916 -1.9630804948750913 -2.1894277945625378 -2.3898756195258084 -2.5575634384497734 -2.6864791869676781 -2.7716149769702545 -2.8090967982772272 -2.7962848534660600 -2.7318419272385768 -2.6157680195947783 -2.4494003458328395 -2.2353787033752983 -1.9775771024024280 -1.6810034310234960 -1.3516697536052582 -0.9964366014628481 -0.6228352887023825 -0.2388728551416408 0.1471753118153167 0.5269798053650594 0.8923729265657458 1.2355602234494325 1.5493223632338027 1.8272021092490893 2.0636715599759903 2.2542753187913442 2.3957458864003618 2.4860882873520187 
-0.0628937835069207 -0.0243503320036120 -0.0369350471576638 -0.0986529535180520 -0.2062365517899866 -0.3552304453503072 -0.5401067326797112 -0.7544081771084317 -0.9909154458541516 -1.2418340869489282 -1.4989964014509214 -1.7540729825566963 -1.9987884428621965 -2.2251357425496425 -2.4255835675129136 -2.5932713864368777 -2.7221871349547833 -2.8073229249573588 -2.8448047462643316 -2.8319928014531643 -2.7675498752256820 -2.6514759675818826 -2.4851082938199447 -2.2710866513624026 -2.0132850503895332 -1.7167113790106012 -1.3873777015923630 -1.0321445494499533 -0.6585432366894872 -0.2745808031287456 0.1114673638282120 0.4912718573779546 0.8566649785786407 1.1998522754623275 1.5136144152466979 1.7914941612619844 2.0279636119888855 2.2185673708042395 2.3600379384132566 2.4503803393649140 
-0.0495694389463712 -0.0110259874430626 -0.0236107025971144 -0.0853286089575026 -0.1929122072294371 -0.3419061007897577 -0.5267823881191618 -0.7410838325478823 -0.9775911012936023 -1.2285097423883788 -1.4856720568903721 -1.7407486379961470 -1.9854640983016472 -2.2118113979890932 -2.4122592229523643 -2.5799470418763284 -2.7088627903942339 -2.7939985803968090 -2.8314804017037822 -2.8186684568926155 -2.7542255306651322 -2.6381516230213333 -2.4717839492593958 -2.2577623068018533 -1.9999607058289839 -1.7033870344500519 -1.3740533570318136 -1.0188202048894039 -0.6452188921289379 -0.2612564585681962 0.1247917083887613 0.5045962019385040 0.8699893231391900 1.2131766200228771 1.5269387598072472 1.8048185058225339 2.0412879565494348 2.2318917153647888 2.3733622829738064 2.4637046839254633 
0.0129895137273603 0.0515329652306690 0.0389482500766172 -0.0227696562837710 -0.1303532545557056 -0.2793471481160262 -0.4642234354454302 -0.6785248798741508 -0.9150321486198707 -1.1659507897146473 -1.4231131042166405 -1.6781896853224154 -1.9229051456279156 -2.1492524453153616 -2.3497002702786327 -2.5173880892025977 -2.6463038377205015 -2.7314396277230788 -2.7689214490300507 -2.7561095042188835 -2.6916665779914002 -2.5755926703476018 -2.4092249965856638 -2.1952033541281226 -1.9374017531552514 -1.6408280817763203 -1.3114944043580821 -0.9562612522156724 -0.5826599394552063 -0.1986975058944647 0.1873506610624929 0.5671551546122355 0.9325482758129215 1.2757355726966086 1.5894977124809788 1.8673774584962655 2.1038469092231664 2.2944506680385204 2.4359212356475375 2.5262636365991948 
0.1241769591757478 0.1627204106790564 0.1501356955250046 0.0884177891646164 -0.0191658091073181 -0.1681597026676387 -0.3530359899970428 -0.5673374344257633 -0.8038447031714833 -1.0547633442662598 -1.3119256587682533 -1.5670022398740282 -1.8117177001795279 -2.0380649998669744 -2.2385128248302451 -2.4062006437542092 -2.5351163922721147 -2.6202521822746903 -2.6577340035816630 -2.6449220587704958 -2.5804791325430134 -2.4644052248992141 -2.2980375511372761 -2.0840159086797341 -1.8262143077068647 -1.5296406363279327 -1.2003069589096944 -0.8450738067672847 -0.4714724940068191 -0.0875100604460772 0.2985381065108803 0.6783426000606230 1.0437357212613090 1.3869230181449961 1.7006851579293663 1.9785649039446529 2.2150343546715536 2.4056381134869076 2.5471086810959251 2.6374510820475825 
0.2825883035533117 0.3211317550566203 0.3085470399025685 0.2468291335421803 0.1392455352702457 -0.0097483582900749 -0.1946246456194789 -0.4089260900481993 -0.6454333587939194 -0.8963519998886960 -1.1535143143906894 -1.4085908954964643 -1.6533063558019641 -1.8796536554894105 -2.0801014804526812 -2.2477892993766453 -2.3767050478945508 -2.4618408378971264 -2.4993226592040991 -2.4865107143929319 -2.4220677881654495 -2.3059938805216502 -2.1396262067597123 -1.9256045643021702 -1.6678029633293008 -1.3712292919503688 -1.0418956145321305 -0.6866624623897208 -0.3130611496292552 0.0709012839314866 0.4569494508884442 0.8367539444381868 1.2021470656388731 1.5453343625225600 1.8590965023069301 2.1369762483222168 2.3734456990491175 2.5640494578644715 2.7055200254734890 2.7958624264251464 
0.4860435378997281 0.5245869894030367 0.5120022742489849 0.4502843678885967 0.3427007696166622 0.1937068760563416 0.0088305887269375 -0.2054708557017829 -0.4419781244475030 -0.6928967655422795 -0.9500590800442729 -1.2051356611500479 -1.4498511214555481 -1.6761984211429937 -1.8766462461062652 -2.0443340650302302 -2.1732498135481340 -2.2583856035507113 -2.2958674248576831 -2.2830554800465159 -2.2186125538190327 -2.1025386461752342 -1.9361709724132965 -1.7221493299557551 -1.4643477289828839 -1.1677740576039528 -0.8384403801857145 -0.4832072280433048 -0.1096059152828386 0.2743565182779031 0.6604046852348606 1.0402091787846033 1.4056022999852895 1.7487895968689764 2.0625517366533463 2.3404314826686332 2.5769009333955344 2.7675046922108884 2.9089752598199055 2.9993176607715624 
0.7316230338266965 0.7701664853300051 0.7575817701759533 0.6958638638155651 0.5882802655436306 0.4392863719833099 0.2544100846539059 0.0401086402251855 -0.1963986285205346 -0.4473172696153112 -0.7044795841173045 -0.9595561652230794 -1.2042716255285790 -1.4306189252160255 -1.6310667501792966 -1.7987545691032611 -1.9276703176211658 -2.0128061076237422 -2.0502879289307141 -2.0374759841195478 -1.9730330578920647 -1.8569591502482652 -1.6905914764863283 -1.4765698340287861 -1.2187682330559158 -0.9221945616769838 -0.5928608842587459 -0.2376277321163358 0.1359735806441298 0.5199360142048715 0.9059841811618290 1.2857886747115717 1.6511817959122579 1.9943690927959448 2.3081312325803149 2.5860109785956018 2.8224804293225025 3.0130841881378565 3.1545547557468741 3.2448971566985310 
1.0157154837353441 1.0542589352386527 1.0416742200846010 0.9799563137242128 0.8723727154522782 0.7233788218919577 0.5385025345625536 0.3242010901338332 0.0876938213881131 -0.1632248197066632 -0.4203871342086568 -0.6754637153144317 -0.9201791756199318 -1.1465264753073781 -1.3469743002706487 -1.5146621191946137 -1.6435778677125183 -1.7287136577150946 -1.7661954790220666 -1.7533835342108994 -1.6889406079834164 -1.5728667003396177 -1.4064990265776800 -1.1924773841201386 -0.9346757831472683 -0.6381021117683363 -0.3087684343500983 0.0464647177923114 0.4200660305527775 0.8040284641135191 1.1900766310704767 1.5698811246202193 1.9352742458209056 2.2784615427045924 2.5922236824889628 2.8701034285042493 3.1065728792311500 3.2971766380465040 3.4386472056555215 3.5289896066071789 
1.3340771983871724 1.3726206498904809 1.3600359347364293 1.2983180283760412 1.1907344301041065 1.0417405365437860 0.8568642492143819 0.6425628047856615 0.4060555360399414 0.1551368949451650 -0.1020254195568283 -0.3571020006626034 -0.6018174609681035 -0.8281647606555497 -1.0286125856188209 -1.1963004045427850 -1.3252161530606896 -1.4103519430632658 -1.4478337643702388 -1.4350218195590716 -1.3705788933315886 -1.2545049856877899 -1.0881373119258522 -0.8741156694683099 -0.6163140684954396 -0.3197403971165083 0.0095932803017300 0.3648264324441397 0.7384277452046057 1.1223901787653474 1.5084383457223050 1.8882428392720476 2.2536359604727338 2.5968232573564207 2.9105853971407907 3.1884651431560775 3.4249345938829787 3.6155383526983327 3.7570089203073498 3.8473513212590067 
1.6819017881640288 1.7204452396673373 1.7078605245132856 1.6461426181528975 1.5385590198809629 1.3895651263206423 1.2046888389912382 0.9903873945625179 0.7538801258167978 0.5029614847220214 0.2457991702200281 -0.0092774108857471 -0.2539928711912467 -0.4803401708786933 -0.6807879958419644 -0.8484758147659289 -0.9773915632838337 -1.0625273532864099 -1.1000091745933820 -1.0871972297822157 -1.0227543035547326 -0.9066803959109331 -0.7403127221489954 -0.5262910796914539 -0.2684894787185834 0.0280841926603486 0.3574178700785864 0.7126510222209965 1.0862523349814621 1.4702147685422038 1.8562629354991613 2.2360674290489042 2.6014605502495902 2.9446478471332771 3.2584099869176475 3.5362897329329339 3.7727591836598346 3.9633629424751886 4.1048335100842062 4.1951759110358635 
2.0538990838527376 2.0924425353560459 2.0798578202019939 2.0181399138416061 1.9105563155696714 1.7615624220093509 1.5766861346799468 1.3623846902512264 1.1258774215055063 0.8749587804107298 0.6177964659087366 0.3627198848029615 0.1180044244974616 -0.1083428751899848 -0.3087907001532558 -0.4764785190772204 -0.6053942675951249 -0.6905300575977011 -0.7280118789046737 -0.7151999340935065 -0.6507570078660239 -0.5346831002222248 -0.3683154264602870 -0.1542937840027452 0.1035078169701251 0.4000814883490567 0.7294151657672949 1.0846483179097048 1.4582496306701707 1.8422120642309123 2.2282602311878699 2.6080647247376127 2.9734578459382988 3.3166451428219856 3.6304072826063560 3.9082870286216425 4.1447564793485432 4.3353602381638972 4.4768308057729147 4.5671732067245721 
2.4443820010773574 2.4829254525806661 2.4703407374266142 2.4086228310662263 2.3010392327942912 2.1520453392339709 1.9671690519045668 1.7528676074758465 1.5163603387301263 1.2654416976353500 1.0082793831333565 0.7532028020275813 0.5084873417220817 0.2821400420346353 0.0816922170713644 -0.0859956018526006 -0.2149113503705051 -0.3000471403730813 -0.3375289616800534 -0.3247170168688867 -0.2602740906414041 -0.1442001829976045 0.0221674907643332 0.2361891332218746 0.4939907341947449 0.7905644055736769 1.1198980829919147 1.4751312351343249 1.8487325478947905 2.2326949814555324 2.6187431484124901 2.9985476419622326 3.3639407631629190 3.7071280600466059 4.0208901998309763 4.2987699458462618 4.5352393965731634 4.7258431553885174 4.8673137229975350 4.9576561239491923 
2.8473599220673789 2.8859033735706872 2.8733186584166353 2.8116007520562474 2.7040171537843127 2.5550232602239920 2.3701469728945881 2.1558455284658677 1.9193382597201476 1.6684196186253710 1.4112573041233778 1.1561807230176027 0.9114652627121029 0.6851179630246566 0.4846701380613855 0.3169823191374209 0.1880665706195164 0.1029307806169402 0.0654489593099676 0.0782609041211344 0.1427038303486174 0.2587777379924165 0.4251454117543543 0.6391670542118961 0.8969686551847664 1.1935423265636982 1.5228760039819360 1.8781091561243461 2.2517104688848120 2.6356729024455534 3.0217210694025112 3.4015255629522541 3.7669186841529401 4.1101059810366269 4.4238681208209965 4.7017478668362838 4.9382173175631845 5.1288210763785385 5.2702916439875560 5.3606340449392134 
3.2566370614359164 3.2951805129392251 3.2825957977851736 3.2208778914247853 3.1132942931528507 2.9643003995925299 2.7794241122631265 2.5651226678344057 2.3286153990886853 2.0776967579939090 1.8205344434919155 1.5654578623861406 1.3207424020806409 1.0943951023931944 0.8939472774299234 0.7262594585059589 0.5973437099880543 0.5122079199854781 0.4747260986785056 0.4875380434896726 0.5519809697171554 0.6680548773609545 0.8344225511228922 1.0484441935804341 1.3062457945533044 1.6028194659322361 1.9321531433504739 2.2873862954928841 2.6609876082533495 3.0449500418140918 3.4309982087710491 3.8108027023207915 4.1761958235214784 4.5193831204051644 4.8331452601895357 5.1110250062048213 5.3474944569317229 5.5380982157470768 5.6795687833560944 5.7699111843077509 
